Degree = 1
R2-score: 0.6575638322504069
Degree = 2
R2-score: 0.9303348786425053
